#Stockholm
1={
	position={
		3147.000 1573.000 3157.000 1567.000 3147.000 1573.000 3088.500 1572.500 3147.000 1573.000 3137.000 1579.000 3147.000 1573.000 
	}
	rotation={
		0.000 0.000 0.000 1.571 0.000 0.000 0.000 
	}
	height={
		0.000 0.000 1.000 0.000 0.000 0.000 0.000 
	}
}
#Östergötland
2={
	position={
		3825.000 1750.000 3835.000 1744.000 3825.000 1750.000 3830.000 1755.000 3825.000 1750.000 3815.000 1756.000 3825.000 1750.000 
	}
	rotation={
		0.000 0.000 0.000 0.000 0.000 0.000 0.000 
	}
	height={
		0.000 0.000 1.000 0.000 0.000 0.000 0.000 
	}
}
#Kalmar
3={
	position={
		2824.000 668.000 2834.000 662.000 2824.000 668.000 2840.000 543.000 2824.000 668.000 2814.000 674.000 2824.000 668.000 
	}
	rotation={
		0.000 0.000 0.000 0.000 0.000 0.000 0.000 
	}
	height={
		0.000 0.000 1.000 0.000 0.000 0.000 0.000 
	}
}
#Bergslagen
4={
	position={
		3002.000 1764.000 3012.000 1758.000 3002.000 1764.000 3007.500 1793.000 3002.000 1764.000 2992.000 1770.000 3002.000 1764.000 
	}
	rotation={
		0.000 0.000 0.000 2.967 0.000 0.000 0.000 
	}
	height={
		0.000 0.000 1.000 0.000 0.000 0.000 0.000 
	}
}
#Värmland
5={
	position={
		3594.000 907.000 3604.000 901.000 3594.000 907.000 3564.000 1004.500 3594.000 907.000 3584.000 913.000 3594.000 907.000 
	}
	rotation={
		0.000 0.000 0.000 2.793 0.000 0.000 0.000 
	}
	height={
		0.000 0.000 1.000 0.000 0.000 0.000 0.000 
	}
}
#Lund
6={
	position={
		3107.000 954.000 3117.000 948.000 3107.000 954.000 3120.500 948.500 3107.000 954.000 3097.000 960.000 3107.000 954.000 
	}
	rotation={
		0.000 0.000 0.000 -0.436 0.000 0.000 0.000 
	}
	height={
		0.000 0.000 1.000 0.000 0.000 0.000 0.000 
	}
}
#Skaraborg
7={
	position={
		1358.000 384.000 1368.000 378.000 1358.000 384.000 1363.000 389.000 1358.000 384.000 1348.000 390.000 1358.000 384.000 
	}
	rotation={
		0.000 0.000 0.000 0.000 0.000 0.000 0.000 
	}
	height={
		0.000 0.000 1.000 0.000 0.000 0.000 0.000 
	}
}
#Dalaskogen
8={
	position={
		-180.000 979.000 -170.000 973.000 -180.000 979.000 -175.000 984.000 -180.000 979.000 -190.000 985.000 -180.000 979.000 
	}
	rotation={
		0.000 0.000 0.000 0.000 0.000 0.000 0.000 
	}
	height={
		0.000 0.000 1.000 0.000 0.000 0.000 0.000 
	}
}
#Hälsingland
9={
	position={
		2411.000 1874.000 2421.000 1868.000 2411.000 1874.000 2416.000 1879.000 2411.000 1874.000 2401.000 1880.000 2411.000 1874.000 
	}
	rotation={
		0.000 0.000 0.000 0.000 0.000 0.000 0.000 
	}
	height={
		0.000 0.000 1.000 0.000 0.000 0.000 0.000 
	}
}
#Jämtland
10={
	position={
		2118.000 1456.000 2128.000 1450.000 2118.000 1456.000 2123.000 1461.000 2118.000 1456.000 2108.000 1462.000 2118.000 1456.000 
	}
	rotation={
		0.000 0.000 0.000 0.000 0.000 0.000 0.000 
	}
	height={
		0.000 0.000 1.000 0.000 0.000 0.000 0.000 
	}
}
#Västerbotten
11={
	position={
		2513.000 1137.000 2523.000 1131.000 2513.000 1137.000 2518.000 1142.000 2513.000 1137.000 2503.000 1143.000 2513.000 1137.000 
	}
	rotation={
		0.000 0.000 0.000 0.000 0.000 0.000 0.000 
	}
	height={
		0.000 0.000 1.000 0.000 0.000 0.000 0.000 
	}
}
#Sjælland
12={
	position={
		2067.000 782.000 2077.000 776.000 2067.000 782.000 2072.000 787.000 2067.000 782.000 2057.000 788.000 2067.000 782.000 
	}
	rotation={
		0.000 0.000 0.000 0.000 0.000 0.000 0.000 
	}
	height={
		0.000 0.000 1.000 0.000 0.000 0.000 0.000 
	}
}
#Slesvig
13={
	position={
		2671.000 218.000 2681.000 212.000 2671.000 218.000 2676.000 223.000 2671.000 218.000 2661.000 224.000 2671.000 218.000 
	}
	rotation={
		0.000 0.000 0.000 0.000 0.000 0.000 0.000 
	}
	height={
		0.000 0.000 1.000 0.000 0.000 0.000 0.000 
	}
}
#Fyn
14={
	position={
		3628.000 341.000 3638.000 335.000 3628.000 341.000 3633.000 346.000 3628.000 341.000 3618.000 347.000 3628.000 341.000 
	}
	rotation={
		0.000 0.000 0.000 0.000 0.000 0.000 0.000 
	}
	height={
		0.000 0.000 1.000 0.000 0.000 0.000 0.000 
	}
}
#Vestjylland
15={
	position={
		4331.000 363.000 4341.000 357.000 4331.000 363.000 4336.000 368.000 4331.000 363.000 4321.000 369.000 4331.000 363.000 
	}
	rotation={
		0.000 0.000 0.000 0.000 0.000 0.000 0.000 
	}
	height={
		0.000 0.000 1.000 0.000 0.000 0.000 0.000 
	}
}
#Bohuslän
16={
	position={
		4419.000 1101.000 4429.000 1095.000 4419.000 1101.000 4424.000 1106.000 4419.000 1101.000 4409.000 1107.000 4419.000 1101.000 
	}
	rotation={
		0.000 0.000 0.000 0.000 0.000 0.000 0.000 
	}
	height={
		0.000 0.000 1.000 0.000 0.000 0.000 0.000 
	}
}
#Akershus
17={
	position={
		3976.000 1003.000 3986.000 997.000 3976.000 1003.000 3981.000 1008.000 3976.000 1003.000 3966.000 1009.000 3976.000 1003.000 
	}
	rotation={
		0.000 0.000 0.000 0.000 0.000 0.000 0.000 
	}
	height={
		0.000 0.000 1.000 0.000 0.000 0.000 0.000 
	}
}
#Lappland
18={
	position={
		3199.000 821.000 3209.000 815.000 3199.000 821.000 3204.000 826.000 3199.000 821.000 3189.000 827.000 3199.000 821.000 
	}
	rotation={
		0.000 0.000 0.000 0.000 0.000 0.000 0.000 
	}
	height={
		0.000 0.000 1.000 0.000 0.000 0.000 0.000 
	}
}
#Österbotten
19={
	position={
		3507.000 1223.000 3517.000 1217.000 3507.000 1223.000 3512.000 1228.000 3507.000 1223.000 3497.000 1229.000 3507.000 1223.000 
	}
	rotation={
		0.000 0.000 0.000 0.000 0.000 0.000 0.000 
	}
	height={
		0.000 0.000 1.000 0.000 0.000 0.000 0.000 
	}
}
#Trøndelag
20={
	position={
		-95.000 1729.000 -85.000 1723.000 -95.000 1729.000 -90.000 1734.000 -95.000 1729.000 -105.000 1735.000 -95.000 1729.000 
	}
	rotation={
		0.000 0.000 0.000 0.000 0.000 0.000 0.000 
	}
	height={
		0.000 0.000 1.000 0.000 0.000 0.000 0.000 
	}
}
#Hålogaland
21={
	position={
		-2694.000 265.000 -2684.000 259.000 -2694.000 265.000 -2689.000 270.000 -2694.000 265.000 -2704.000 271.000 -2694.000 265.000 
	}
	rotation={
		0.000 0.000 0.000 0.000 0.000 0.000 0.000 
	}
	height={
		0.000 0.000 1.000 0.000 0.000 0.000 0.000 
	}
}
#Opplanda
22={
	position={
		1220.000 1674.000 1230.000 1668.000 1220.000 1674.000 1225.000 1679.000 1220.000 1674.000 1210.000 1680.000 1220.000 1674.000 
	}
	rotation={
		0.000 0.000 0.000 0.000 0.000 0.000 0.000 
	}
	height={
		0.000 0.000 1.000 0.000 0.000 0.000 0.000 
	}
}
#Bergenhus
23={
	position={
		295.000 1619.000 305.000 1613.000 295.000 1619.000 300.000 1624.000 295.000 1619.000 285.000 1625.000 295.000 1619.000 
	}
	rotation={
		0.000 0.000 0.000 0.000 0.000 0.000 0.000 
	}
	height={
		0.000 0.000 1.000 0.000 0.000 0.000 0.000 
	}
}
#Stavanger
24={
	position={
		803.000 1033.000 813.000 1027.000 803.000 1033.000 808.000 1038.000 803.000 1033.000 793.000 1039.000 803.000 1033.000 
	}
	rotation={
		0.000 0.000 0.000 0.000 0.000 0.000 0.000 
	}
	height={
		0.000 0.000 1.000 0.000 0.000 0.000 0.000 
	}
}
#Gotland
25={
	position={
		356.000 412.000 366.000 406.000 356.000 412.000 361.000 417.000 356.000 412.000 346.000 418.000 356.000 412.000 
	}
	rotation={
		0.000 0.000 0.000 0.000 0.000 0.000 0.000 
	}
	height={
		0.000 0.000 1.000 0.000 0.000 0.000 0.000 
	}
}
#Halland
26={
	position={
		2373.000 1738.000 2383.000 1732.000 2373.000 1738.000 2377.500 1699.000 2373.000 1738.000 2363.000 1744.000 2373.000 1738.000 
	}
	rotation={
		0.000 0.000 0.000 0.175 0.000 0.000 0.000 
	}
	height={
		0.000 0.000 1.000 0.000 0.000 0.000 0.000 
	}
}
#Åbo
27={
	position={
		2926.000 1846.000 2936.000 1840.000 2926.000 1846.000 2936.000 1852.000 2926.000 1846.000 2916.000 1852.000 2926.000 1846.000 
	}
	rotation={
		0.000 0.000 0.000 2.531 0.000 0.000 0.000 
	}
	height={
		0.000 0.000 1.000 0.000 0.000 0.000 0.000 
	}
}
#Nyland
28={
	position={
		3204.000 1816.000 3214.000 1810.000 3204.000 1816.000 3231.500 1817.500 3204.000 1816.000 3194.000 1822.000 3204.000 1816.000 
	}
	rotation={
		0.000 0.000 0.000 -1.222 0.000 0.000 0.000 
	}
	height={
		0.000 0.000 1.000 0.000 0.000 0.000 0.000 
	}
}
#Tavastland
29={
	position={
		3837.000 1471.000 3847.000 1465.000 3837.000 1471.000 3810.000 1470.000 3837.000 1471.000 3827.000 1477.000 3837.000 1471.000 
	}
	rotation={
		0.000 0.000 0.000 0.698 0.000 0.000 0.000 
	}
	height={
		0.000 0.000 1.000 0.000 0.000 0.000 0.000 
	}
}
#Viborg
30={
	position={
		3755.000 1596.000 3765.000 1590.000 3755.000 1596.000 3752.000 1601.000 3755.000 1596.000 3745.000 1602.000 3755.000 1596.000 
	}
	rotation={
		0.000 0.000 0.000 1.745 0.000 0.000 0.000 
	}
	height={
		0.000 0.000 1.000 0.000 0.000 0.000 0.000 
	}
}
#Savolax
31={
	position={
		3527.000 1319.000 3537.000 1313.000 3527.000 1319.000 3522.000 1327.500 3527.000 1319.000 3517.000 1325.000 3527.000 1319.000 
	}
	rotation={
		0.000 0.000 0.000 1.745 0.000 0.000 0.000 
	}
	height={
		0.000 0.000 1.000 0.000 0.000 0.000 0.000 
	}
}
#Kexholm
32={
	position={
		3412.000 1365.000 3422.000 1359.000 3412.000 1365.000 3415.000 1372.500 3412.000 1365.000 3402.000 1371.000 3412.000 1365.000 
	}
	rotation={
		0.000 0.000 0.000 -3.142 0.000 0.000 0.000 
	}
	height={
		0.000 0.000 1.000 0.000 0.000 0.000 0.000 
	}
}
#Neva
33={
	position={
		3864.000 572.000 3874.000 566.000 3864.000 572.000 3829.500 563.000 3864.000 572.000 3854.000 578.000 3864.000 572.000 
	}
	rotation={
		0.000 0.000 0.000 2.531 0.000 0.000 0.000 
	}
	height={
		0.000 0.000 1.000 0.000 0.000 0.000 0.000 
	}
}
#Ingermanland
34={
	position={
		2617.000 1074.000 2627.000 1068.000 2617.000 1074.000 2622.000 1063.500 2617.000 1074.000 2607.000 1080.000 2617.000 1074.000 
	}
	rotation={
		0.000 0.000 0.000 -0.349 0.000 0.000 0.000 
	}
	height={
		0.000 0.000 1.000 0.000 0.000 0.000 0.000 
	}
}
#Ösel
35={
	position={
		3410.000 1297.000 3420.000 1291.000 3410.000 1297.000 3409.000 1294.000 3410.000 1297.000 3400.000 1303.000 3410.000 1297.000 
	}
	rotation={
		0.000 0.000 0.000 -0.611 0.000 0.000 0.000 
	}
	height={
		0.000 0.000 1.000 0.000 0.000 0.000 0.000 
	}
}
#Reval
36={
	position={
		3426.000 1015.000 3436.000 1009.000 3426.000 1015.000 3421.500 1017.500 3426.000 1015.000 3416.000 1021.000 3426.000 1015.000 
	}
	rotation={
		0.000 0.000 0.000 0.436 0.000 0.000 0.000 
	}
	height={
		0.000 0.000 1.000 0.000 0.000 0.000 0.000 
	}
}
#Livland
37={
	position={
		3210.000 825.000 3220.000 819.000 3210.000 825.000 3217.500 816.500 3210.000 825.000 3200.000 831.000 3210.000 825.000 
	}
	rotation={
		0.000 0.000 0.000 -0.524 0.000 0.000 0.000 
	}
	height={
		0.000 0.000 1.000 0.000 0.000 0.000 0.000 
	}
}
#Riga
38={
	position={
		3547.000 511.000 3557.000 505.000 3547.000 511.000 3542.000 511.500 3547.000 511.000 3537.000 517.000 3547.000 511.000 
	}
	rotation={
		0.000 0.000 0.000 1.658 0.000 0.000 0.000 
	}
	height={
		0.000 0.000 1.000 0.000 0.000 0.000 0.000 
	}
}
#Goldingen
39={
	position={
		2513.000 1851.000 2523.000 1845.000 2513.000 1851.000 2517.500 1825.500 2513.000 1851.000 2503.000 1857.000 2513.000 1851.000 
	}
	rotation={
		0.000 0.000 0.000 0.000 0.000 0.000 0.000 
	}
	height={
		0.000 0.000 1.000 0.000 0.000 0.000 0.000 
	}
}
#Memel
40={
	position={
		2358.000 1813.000 2368.000 1807.000 2358.000 1813.000 2384.000 1818.500 2358.000 1813.000 2348.000 1819.000 2358.000 1813.000 
	}
	rotation={
		0.000 0.000 0.000 0.000 0.000 0.000 0.000 
	}
	height={
		0.000 0.000 1.000 0.000 0.000 0.000 0.000 
	}
}
#Königsberg
41={
	position={
		3051.000 1846.000 3061.000 1840.000 3051.000 1846.000 3058.500 1833.500 3051.000 1846.000 3041.000 1852.000 3051.000 1846.000 
	}
	rotation={
		0.000 0.000 0.000 -0.262 0.000 0.000 0.000 
	}
	height={
		0.000 0.000 1.000 0.000 0.000 0.000 0.000 
	}
}
#Warmia
42={
	position={
		2831.000 1855.000 2841.000 1849.000 2831.000 1855.000 2837.500 1846.000 2831.000 1855.000 2821.000 1861.000 2831.000 1855.000 
	}
	rotation={
		0.000 0.000 0.000 -0.524 0.000 0.000 0.000 
	}
	height={
		0.000 0.000 1.000 0.000 0.000 0.000 0.000 
	}
}
#Danzig
43={
	position={
		3821.000 1328.000 3831.000 1322.000 3821.000 1328.000 3826.500 1333.000 3821.000 1328.000 3811.000 1334.000 3821.000 1328.000 
	}
	rotation={
		0.000 0.000 0.000 -1.833 0.000 0.000 0.000 
	}
	height={
		0.000 0.000 1.000 0.000 0.000 0.000 0.000 
	}
}
#Hamburg
44={
	position={
		3834.000 1400.000 3844.000 1394.000 3834.000 1400.000 3839.500 1405.500 3834.000 1400.000 3824.000 1406.000 3834.000 1400.000 
	}
	rotation={
		0.000 0.000 0.000 -1.047 0.000 0.000 0.000 
	}
	height={
		0.000 0.000 1.000 0.000 0.000 0.000 0.000 
	}
}
#Lübeck
45={
	position={
		3445.000 1006.000 3455.000 1000.000 3445.000 1006.000 3446.000 1012.000 3445.000 1006.000 3435.000 1012.000 3445.000 1006.000 
	}
	rotation={
		0.000 0.000 0.000 3.752 0.000 0.000 0.000 
	}
	height={
		0.000 0.000 1.000 0.000 0.000 0.000 0.000 
	}
}
#Rostock
46={
	position={
		3410.000 1012.000 3420.000 1006.000 3410.000 1012.000 3411.000 1012.500 3410.000 1012.000 3400.000 1018.000 3410.000 1012.000 
	}
	rotation={
		0.000 0.000 0.000 0.611 0.000 0.000 0.000 
	}
	height={
		0.000 0.000 1.000 0.000 0.000 0.000 0.000 
	}
}
#Stralsund
47={
	position={
		3866.000 717.000 3876.000 711.000 3866.000 717.000 3880.000 707.500 3866.000 717.000 3856.000 723.000 3866.000 717.000 
	}
	rotation={
		0.000 0.000 0.000 0.000 0.000 0.000 0.000 
	}
	height={
		0.000 0.000 1.000 0.000 0.000 0.000 0.000 
	}
}
#Kolberg
48={
	position={
		3741.000 542.000 3751.000 536.000 3741.000 542.000 3763.500 548.500 3741.000 542.000 3731.000 548.000 3741.000 542.000 
	}
	rotation={
		0.000 0.000 0.000 3.927 0.000 0.000 0.000 
	}
	height={
		0.000 0.000 1.000 0.000 0.000 0.000 0.000 
	}
}
#Neumark
49={
	position={
		3927.000 511.000 3937.000 505.000 3927.000 511.000 3930.000 525.000 3927.000 511.000 3917.000 517.000 3927.000 511.000 
	}
	rotation={
		0.000 0.000 0.000 1.833 0.000 0.000 0.000 
	}
	height={
		0.000 0.000 1.000 0.000 0.000 0.000 0.000 
	}
}
#Berlin
50={
	position={
		3871.000 452.000 3881.000 446.000 3871.000 452.000 3862.500 457.000 3871.000 452.000 3861.000 458.000 3871.000 452.000 
	}
	rotation={
		0.000 0.000 0.000 1.920 0.000 0.000 0.000 
	}
	height={
		0.000 0.000 1.000 0.000 0.000 0.000 0.000 
	}
}
#Ruppin
51={
	position={
		3778.000 456.000 3788.000 450.000 3778.000 456.000 3784.500 457.500 3778.000 456.000 3768.000 462.000 3778.000 456.000 
	}
	rotation={
		0.000 0.000 0.000 5.236 0.000 0.000 0.000 
	}
	height={
		0.000 0.000 1.000 0.000 0.000 0.000 0.000 
	}
}
#Magdeburg
52={
	position={
		3567.000 455.000 3577.000 449.000 3567.000 455.000 3568.000 458.500 3567.000 455.000 3557.000 461.000 3567.000 455.000 
	}
	rotation={
		0.000 0.000 0.000 3.752 0.000 0.000 0.000 
	}
	height={
		0.000 0.000 1.000 0.000 0.000 0.000 0.000 
	}
}
#Lüneburg
53={
	position={
		3498.000 515.000 3508.000 509.000 3498.000 515.000 3503.000 512.000 3498.000 515.000 3488.000 521.000 3498.000 515.000 
	}
	rotation={
		0.000 0.000 0.000 0.000 0.000 0.000 0.000 
	}
	height={
		0.000 0.000 1.000 0.000 0.000 0.000 0.000 
	}
}
#Stade
54={
	position={
		3724.000 1587.000 3734.000 1581.000 3724.000 1587.000 3728.000 1597.500 3724.000 1587.000 3714.000 1593.000 3724.000 1587.000 
	}
	rotation={
		0.000 0.000 0.000 -2.793 0.000 0.000 0.000 
	}
	height={
		0.000 0.000 1.000 0.000 0.000 0.000 0.000 
	}
}
#Oldenburg
55={
	position={
		2396.000 1427.000 2406.000 1421.000 2396.000 1427.000 2402.000 1431.500 2396.000 1427.000 2386.000 1433.000 2396.000 1427.000 
	}
	rotation={
		0.000 0.000 0.000 -2.356 0.000 0.000 0.000 
	}
	height={
		0.000 0.000 1.000 0.000 0.000 0.000 0.000 
	}
}
#Osnabrück
56={
	position={
		2366.000 1425.000 2376.000 1419.000 2366.000 1425.000 2370.500 1423.500 2366.000 1425.000 2356.000 1431.000 2366.000 1425.000 
	}
	rotation={
		0.000 0.000 0.000 -0.524 0.000 0.000 0.000 
	}
	height={
		0.000 0.000 1.000 0.000 0.000 0.000 0.000 
	}
}
#Brunswick
57={
	position={
		2337.000 1383.000 2347.000 1377.000 2337.000 1383.000 2330.000 1388.000 2337.000 1383.000 2327.000 1389.000 2337.000 1383.000 
	}
	rotation={
		0.000 0.000 0.000 -3.665 0.000 0.000 0.000 
	}
	height={
		0.000 0.000 1.000 0.000 0.000 0.000 0.000 
	}
}
#Anhalt
58={
	position={
		2408.000 1374.000 2418.000 1368.000 2408.000 1374.000 2411.500 1375.000 2408.000 1374.000 2398.000 1380.000 2408.000 1374.000 
	}
	rotation={
		0.000 0.000 0.000 -0.349 0.000 0.000 0.000 
	}
	height={
		0.000 0.000 1.000 0.000 0.000 0.000 0.000 
	}
}
#Wittenberg
59={
	position={
		2552.000 1464.000 2562.000 1458.000 2552.000 1464.000 2557.500 1468.000 2552.000 1464.000 2542.000 1470.000 2552.000 1464.000 
	}
	rotation={
		0.000 0.000 0.000 -0.785 0.000 0.000 0.000 
	}
	height={
		0.000 0.000 1.000 0.000 0.000 0.000 0.000 
	}
}
#Bautzen
60={
	position={
		2578.000 1430.000 2588.000 1424.000 2578.000 1430.000 2583.000 1436.000 2578.000 1430.000 2568.000 1436.000 2578.000 1430.000 
	}
	rotation={
		0.000 0.000 0.000 3.316 0.000 0.000 0.000 
	}
	height={
		0.000 0.000 1.000 0.000 0.000 0.000 0.000 
	}
}
#Dresden
61={
	position={
		2643.000 1455.000 2653.000 1449.000 2643.000 1455.000 2647.000 1459.500 2643.000 1455.000 2633.000 1461.000 2643.000 1455.000 
	}
	rotation={
		0.000 0.000 0.000 4.102 0.000 0.000 0.000 
	}
	height={
		0.000 0.000 1.000 0.000 0.000 0.000 0.000 
	}
}
#Leipzig
62={
	position={
		2691.000 1536.000 2701.000 1530.000 2691.000 1536.000 2696.500 1541.000 2691.000 1536.000 2681.000 1542.000 2691.000 1536.000 
	}
	rotation={
		0.000 0.000 0.000 -2.269 0.000 0.000 0.000 
	}
	height={
		0.000 0.000 1.000 0.000 0.000 0.000 0.000 
	}
}
#Erfurt
63={
	position={
		2710.000 1466.000 2720.000 1460.000 2710.000 1466.000 2715.000 1465.500 2710.000 1466.000 2700.000 1472.000 2710.000 1466.000 
	}
	rotation={
		0.000 0.000 0.000 -0.262 0.000 0.000 0.000 
	}
	height={
		0.000 0.000 1.000 0.000 0.000 0.000 0.000 
	}
}
#Landshut
64={
	position={
		2628.000 1319.000 2638.000 1313.000 2628.000 1319.000 2649.500 1293.500 2628.000 1319.000 2618.000 1325.000 2628.000 1319.000 
	}
	rotation={
		0.000 0.000 0.000 0.000 0.000 0.000 0.000 
	}
	height={
		0.000 0.000 1.000 0.000 0.000 0.000 0.000 
	}
}
#München
65={
	position={
		2459.000 1086.000 2469.000 1080.000 2459.000 1086.000 2464.500 1111.000 2459.000 1086.000 2449.000 1092.000 2459.000 1086.000 
	}
	rotation={
		0.000 0.000 0.000 -4.014 0.000 0.000 0.000 
	}
	height={
		0.000 0.000 1.000 0.000 0.000 0.000 0.000 
	}
}
#Bamberg
66={
	position={
		3092.000 572.000 3102.000 566.000 3092.000 572.000 3142.500 651.500 3092.000 572.000 3082.000 578.000 3092.000 572.000 
	}
	rotation={
		0.000 0.000 0.000 3.665 0.000 0.000 0.000 
	}
	height={
		0.000 0.000 1.000 0.000 0.000 0.000 0.000 
	}
}
#Nürnberg
67={
	position={
		2490.000 818.000 2500.000 812.000 2490.000 818.000 2504.000 821.000 2490.000 818.000 2480.000 824.000 2490.000 818.000 
	}
	rotation={
		0.000 0.000 0.000 -2.094 0.000 0.000 0.000 
	}
	height={
		0.000 0.000 1.000 0.000 0.000 0.000 0.000 
	}
}
#Memmingen
68={
	position={
		3507.000 1473.000 3517.000 1467.000 3507.000 1473.000 3511.000 1509.000 3507.000 1473.000 3497.000 1479.000 3507.000 1473.000 
	}
	rotation={
		0.000 0.000 0.000 3.665 0.000 0.000 0.000 
	}
	height={
		0.000 0.000 1.000 0.000 0.000 0.000 0.000 
	}
}
#Dortmund
69={
	position={
		3351.000 1496.000 3361.000 1490.000 3351.000 1496.000 3367.500 1399.500 3351.000 1496.000 3341.000 1502.000 3351.000 1496.000 
	}
	rotation={
		0.000 0.000 0.000 -0.436 0.000 0.000 0.000 
	}
	height={
		0.000 0.000 1.000 0.000 0.000 0.000 0.000 
	}
}
#Stuttgart
70={
	position={
		3411.000 1795.000 3421.000 1789.000 3411.000 1795.000 3448.000 1854.500 3411.000 1795.000 3401.000 1801.000 3411.000 1795.000 
	}
	rotation={
		0.000 0.000 0.000 2.705 0.000 0.000 0.000 
	}
	height={
		0.000 0.000 1.000 0.000 0.000 0.000 0.000 
	}
}
#Ansbach
71={
	position={
		3303.000 1023.000 3313.000 1017.000 3303.000 1023.000 3375.000 989.500 3303.000 1023.000 3293.000 1029.000 3303.000 1023.000 
	}
	rotation={
		0.000 0.000 0.000 -0.873 0.000 0.000 0.000 
	}
	height={
		0.000 0.000 1.000 0.000 0.000 0.000 0.000 
	}
}
#Breisgau
72={
	position={
		2363.000 1522.000 2373.000 1516.000 2363.000 1522.000 2271.000 1523.500 2363.000 1522.000 2353.000 1528.000 2363.000 1522.000 
	}
	rotation={
		0.000 0.000 0.000 0.960 0.000 0.000 0.000 
	}
	height={
		0.000 0.000 1.000 0.000 0.000 0.000 0.000 
	}
}
#Inntal
73={
	position={
		3217.000 1506.000 3227.000 1500.000 3217.000 1506.000 3222.000 1511.000 3217.000 1506.000 3207.000 1512.000 3217.000 1506.000 
	}
	rotation={
		0.000 0.000 0.000 0.000 0.000 0.000 0.000 
	}
	height={
		0.000 0.000 1.000 0.000 0.000 0.000 0.000 
	}
}
#Baden
74={
	position={
		3747.000 1612.000 3757.000 1606.000 3747.000 1612.000 3749.000 1610.500 3747.000 1612.000 3737.000 1618.000 3747.000 1612.000 
	}
	rotation={
		0.000 0.000 0.000 -0.524 0.000 0.000 0.000 
	}
	height={
		0.000 0.000 1.000 0.000 0.000 0.000 0.000 
	}
}
#Straßburg
75={
	position={
		3697.000 1715.000 3707.000 1709.000 3697.000 1715.000 3717.500 1750.500 3697.000 1715.000 3687.000 1721.000 3697.000 1715.000 
	}
	rotation={
		0.000 0.000 0.000 3.840 0.000 0.000 0.000 
	}
	height={
		0.000 0.000 1.000 0.000 0.000 0.000 0.000 
	}
}
#Salzburg
76={
	position={
		3616.000 1662.000 3626.000 1656.000 3616.000 1662.000 3613.000 1620.000 3616.000 1662.000 3606.000 1668.000 3616.000 1662.000 
	}
	rotation={
		0.000 0.000 0.000 0.000 0.000 0.000 0.000 
	}
	height={
		0.000 0.000 1.000 0.000 0.000 0.000 0.000 
	}
}
#Heidelberg
77={
	position={
		3523.000 1713.000 3533.000 1707.000 3523.000 1713.000 3589.000 1763.000 3523.000 1713.000 3513.000 1719.000 3523.000 1713.000 
	}
	rotation={
		0.000 0.000 0.000 3.403 0.000 0.000 0.000 
	}
	height={
		0.000 0.000 1.000 0.000 0.000 0.000 0.000 
	}
}
#Mainz
78={
	position={
		3368.000 1663.000 3378.000 1657.000 3368.000 1663.000 3373.000 1668.000 3368.000 1663.000 3358.000 1669.000 3368.000 1663.000 
	}
	rotation={
		0.000 0.000 0.000 0.000 0.000 0.000 0.000 
	}
	height={
		0.000 0.000 1.000 0.000 0.000 0.000 0.000 
	}
}
#Würzburg
79={
	position={
		3249.000 1726.000 3259.000 1720.000 3249.000 1726.000 3253.500 1756.500 3249.000 1726.000 3239.000 1732.000 3249.000 1726.000 
	}
	rotation={
		0.000 0.000 0.000 3.491 0.000 0.000 0.000 
	}
	height={
		0.000 0.000 1.000 0.000 0.000 0.000 0.000 
	}
}
#Trier
80={
	position={
		3473.000 1622.000 3483.000 1616.000 3473.000 1622.000 3536.000 1609.000 3473.000 1622.000 3463.000 1628.000 3473.000 1622.000 
	}
	rotation={
		0.000 0.000 0.000 0.000 0.000 0.000 0.000 
	}
	height={
		0.000 0.000 1.000 0.000 0.000 0.000 0.000 
	}
}
#Oberhessen
81={
	position={
		2452.000 1438.000 2462.000 1432.000 2452.000 1438.000 2472.000 1425.500 2452.000 1438.000 2442.000 1444.000 2452.000 1438.000 
	}
	rotation={
		0.000 0.000 0.000 -0.436 0.000 0.000 0.000 
	}
	height={
		0.000 0.000 1.000 0.000 0.000 0.000 0.000 
	}
}
#Westfalen
82={
	position={
		2631.000 1532.000 2641.000 1526.000 2631.000 1532.000 2636.000 1537.000 2631.000 1532.000 2621.000 1538.000 2631.000 1532.000 
	}
	rotation={
		0.000 0.000 0.000 0.000 0.000 0.000 0.000 
	}
	height={
		0.000 0.000 1.000 0.000 0.000 0.000 0.000 
	}
}
#Nassau
83={
	position={
		2763.000 1573.000 2773.000 1567.000 2763.000 1573.000 2769.000 1546.500 2763.000 1573.000 2753.000 1579.000 2763.000 1573.000 
	}
	rotation={
		0.000 0.000 0.000 0.000 0.000 0.000 0.000 
	}
	height={
		0.000 0.000 1.000 0.000 0.000 0.000 0.000 
	}
}
#Berg
84={
	position={
		2642.000 1636.000 2652.000 1630.000 2642.000 1636.000 2647.000 1679.000 2642.000 1636.000 2632.000 1642.000 2642.000 1636.000 
	}
	rotation={
		0.000 0.000 0.000 2.618 0.000 0.000 0.000 
	}
	height={
		0.000 0.000 1.000 0.000 0.000 0.000 0.000 
	}
}
#Köln
85={
	position={
		2724.000 1710.000 2734.000 1704.000 2724.000 1710.000 2672.500 1722.000 2724.000 1710.000 2714.000 1716.000 2724.000 1710.000 
	}
	rotation={
		0.000 0.000 0.000 0.436 0.000 0.000 0.000 
	}
	height={
		0.000 0.000 1.000 0.000 0.000 0.000 0.000 
	}
}
#Münster
86={
	position={
		2769.000 1640.000 2779.000 1634.000 2769.000 1640.000 2774.000 1645.000 2769.000 1640.000 2759.000 1646.000 2769.000 1640.000 
	}
	rotation={
		0.000 0.000 0.000 0.000 0.000 0.000 0.000 
	}
	height={
		0.000 0.000 1.000 0.000 0.000 0.000 0.000 
	}
}
#Calais
87={
	position={
		2775.000 1772.000 2785.000 1766.000 2775.000 1772.000 2780.000 1801.500 2775.000 1772.000 2765.000 1778.000 2775.000 1772.000 
	}
	rotation={
		0.000 0.000 0.000 -2.705 0.000 0.000 0.000 
	}
	height={
		0.000 0.000 1.000 0.000 0.000 0.000 0.000 
	}
}
#Artois
88={
	position={
		2897.000 1606.000 2907.000 1600.000 2897.000 1606.000 2902.000 1595.500 2897.000 1606.000 2887.000 1612.000 2897.000 1606.000 
	}
	rotation={
		0.000 0.000 0.000 0.000 0.000 0.000 0.000 
	}
	height={
		0.000 0.000 1.000 0.000 0.000 0.000 0.000 
	}
}
#Picardie
89={
	position={
		3040.000 1598.000 3050.000 1592.000 3040.000 1598.000 3045.000 1580.000 3040.000 1598.000 3030.000 1604.000 3040.000 1598.000 
	}
	rotation={
		0.000 0.000 0.000 0.436 0.000 0.000 0.000 
	}
	height={
		0.000 0.000 1.000 0.000 0.000 0.000 0.000 
	}
}
#Bruges
90={
	position={
		2813.000 1705.000 2823.000 1699.000 2813.000 1705.000 2818.000 1710.000 2813.000 1705.000 2803.000 1711.000 2813.000 1705.000 
	}
	rotation={
		0.000 0.000 0.000 0.000 0.000 0.000 0.000 
	}
	height={
		0.000 0.000 1.000 0.000 0.000 0.000 0.000 
	}
}
#Hainaut
91={
	position={
		2859.000 1651.000 2869.000 1645.000 2859.000 1651.000 2864.000 1656.000 2859.000 1651.000 2849.000 1657.000 2859.000 1651.000 
	}
	rotation={
		0.000 0.000 0.000 0.000 0.000 0.000 0.000 
	}
	height={
		0.000 0.000 1.000 0.000 0.000 0.000 0.000 
	}
}
#Brussels
92={
	position={
		2885.000 1742.000 2895.000 1736.000 2885.000 1742.000 2888.000 1783.000 2885.000 1742.000 2875.000 1748.000 2885.000 1742.000 
	}
	rotation={
		0.000 0.000 0.000 2.880 0.000 0.000 0.000 
	}
	height={
		0.000 0.000 1.000 0.000 0.000 0.000 0.000 
	}
}
#Liège
93={
	position={
		2980.000 1637.000 2990.000 1631.000 2980.000 1637.000 2985.000 1642.000 2980.000 1637.000 2970.000 1643.000 2980.000 1637.000 
	}
	rotation={
		0.000 0.000 0.000 0.000 0.000 0.000 0.000 
	}
	height={
		0.000 0.000 1.000 0.000 0.000 0.000 0.000 
	}
}
#Luxemburg
94={
	position={
		2942.000 1690.000 2952.000 1684.000 2942.000 1690.000 2947.000 1695.000 2942.000 1690.000 2932.000 1696.000 2942.000 1690.000 
	}
	rotation={
		0.000 0.000 0.000 0.000 0.000 0.000 0.000 
	}
	height={
		0.000 0.000 1.000 0.000 0.000 0.000 0.000 
	}
}
#Breda
95={
	position={
		3069.000 1644.000 3079.000 1638.000 3069.000 1644.000 3074.000 1649.000 3069.000 1644.000 3059.000 1650.000 3069.000 1644.000 
	}
	rotation={
		0.000 0.000 0.000 0.000 0.000 0.000 0.000 
	}
	height={
		0.000 0.000 1.000 0.000 0.000 0.000 0.000 
	}
}
#Zeeland
96={
	position={
		3026.000 1708.000 3036.000 1702.000 3026.000 1708.000 3031.000 1713.000 3026.000 1708.000 3016.000 1714.000 3026.000 1708.000 
	}
	rotation={
		0.000 0.000 0.000 0.000 0.000 0.000 0.000 
	}
	height={
		0.000 0.000 1.000 0.000 0.000 0.000 0.000 
	}
}
#Amsterdam
97={
	position={
		3096.000 1729.000 3106.000 1723.000 3096.000 1729.000 3115.500 1781.500 3096.000 1729.000 3086.000 1735.000 3096.000 1729.000 
	}
	rotation={
		0.000 0.000 0.000 3.840 0.000 0.000 0.000 
	}
	height={
		0.000 0.000 1.000 0.000 0.000 0.000 0.000 
	}
}
#Utrecht
98={
	position={
		3154.000 1706.000 3164.000 1700.000 3154.000 1706.000 3159.000 1711.000 3154.000 1706.000 3144.000 1712.000 3154.000 1706.000 
	}
	rotation={
		0.000 0.000 0.000 0.000 0.000 0.000 0.000 
	}
	height={
		0.000 0.000 1.000 0.000 0.000 0.000 0.000 
	}
}
#Gelre
99={
	position={
		2543.000 1545.000 2553.000 1539.000 2543.000 1545.000 2563.000 1512.500 2543.000 1545.000 2533.000 1551.000 2543.000 1545.000 
	}
	rotation={
		0.000 0.000 0.000 -0.698 0.000 0.000 0.000 
	}
	height={
		0.000 0.000 1.000 0.000 0.000 0.000 0.000 
	}
}
#Friesland
100={
	position={
		2494.000 1623.000 2504.000 1617.000 2494.000 1623.000 2499.000 1664.000 2494.000 1623.000 2484.000 1629.000 2494.000 1623.000 
	}
	rotation={
		0.000 0.000 0.000 -3.491 0.000 0.000 0.000 
	}
	height={
		0.000 0.000 1.000 0.000 0.000 0.000 0.000 
	}
}
#Genoa
101={
	position={
		3043.000 1540.000 3053.000 1534.000 3043.000 1540.000 3028.000 1561.500 3043.000 1540.000 3033.000 1546.000 3043.000 1540.000 
	}
	rotation={
		0.000 0.000 0.000 2.705 0.000 0.000 0.000 
	}
	height={
		0.000 0.000 1.000 0.000 0.000 0.000 0.000 
	}
}
#Nice
102={
	position={
		2952.000 1491.000 2962.000 1485.000 2952.000 1491.000 2924.000 1518.500 2952.000 1491.000 2942.000 1497.000 2952.000 1491.000 
	}
	rotation={
		0.000 0.000 0.000 2.443 0.000 0.000 0.000 
	}
	height={
		0.000 0.000 1.000 0.000 0.000 0.000 0.000 
	}
}
#Turin
103={
	position={
		2875.000 1426.000 2885.000 1420.000 2875.000 1426.000 2848.500 1432.500 2875.000 1426.000 2865.000 1432.000 2875.000 1426.000 
	}
	rotation={
		0.000 0.000 0.000 2.007 0.000 0.000 0.000 
	}
	height={
		0.000 0.000 1.000 0.000 0.000 0.000 0.000 
	}
}
#Milan
104={
	position={
		2939.000 1417.000 2949.000 1411.000 2939.000 1417.000 2944.000 1422.000 2939.000 1417.000 2929.000 1423.000 2939.000 1417.000 
	}
	rotation={
		0.000 0.000 0.000 0.000 0.000 0.000 0.000 
	}
	height={
		0.000 0.000 1.000 0.000 0.000 0.000 0.000 
	}
}
#Parma
105={
	position={
		2884.000 1336.000 2894.000 1330.000 2884.000 1336.000 2889.000 1341.000 2884.000 1336.000 2874.000 1342.000 2884.000 1336.000 
	}
	rotation={
		0.000 0.000 0.000 0.000 0.000 0.000 0.000 
	}
	height={
		0.000 0.000 1.000 0.000 0.000 0.000 0.000 
	}
}
#Modena
106={
	position={
		3087.000 1502.000 3097.000 1496.000 3087.000 1502.000 3092.000 1507.000 3087.000 1502.000 3077.000 1508.000 3087.000 1502.000 
	}
	rotation={
		0.000 0.000 0.000 0.000 0.000 0.000 0.000 
	}
	height={
		0.000 0.000 1.000 0.000 0.000 0.000 0.000 
	}
}
#Brescia
107={
	position={
		3030.000 1477.000 3040.000 1471.000 3030.000 1477.000 3035.000 1482.000 3030.000 1477.000 3020.000 1483.000 3030.000 1477.000 
	}
	rotation={
		0.000 0.000 0.000 0.000 0.000 0.000 0.000 
	}
	height={
		0.000 0.000 1.000 0.000 0.000 0.000 0.000 
	}
}
#Verona
108={
	position={
		3140.000 1446.000 3150.000 1440.000 3140.000 1446.000 3145.000 1451.000 3140.000 1446.000 3130.000 1452.000 3140.000 1446.000 
	}
	rotation={
		0.000 0.000 0.000 0.000 0.000 0.000 0.000 
	}
	height={
		0.000 0.000 1.000 0.000 0.000 0.000 0.000 
	}
}
#Mantua
109={
	position={
		2996.000 1411.000 3006.000 1405.000 2996.000 1411.000 3001.000 1416.000 2996.000 1411.000 2986.000 1417.000 2996.000 1411.000 
	}
	rotation={
		0.000 0.000 0.000 0.000 0.000 0.000 0.000 
	}
	height={
		0.000 0.000 1.000 0.000 0.000 0.000 0.000 
	}
}
#Trentino
110={
	position={
		3071.000 1419.000 3081.000 1413.000 3071.000 1419.000 3076.000 1424.000 3071.000 1419.000 3061.000 1425.000 3071.000 1419.000 
	}
	rotation={
		0.000 0.000 0.000 0.000 0.000 0.000 0.000 
	}
	height={
		0.000 0.000 1.000 0.000 0.000 0.000 0.000 
	}
}
#Friuli
111={
	position={
		3062.000 1361.000 3072.000 1355.000 3062.000 1361.000 3067.000 1366.000 3062.000 1361.000 3052.000 1367.000 3062.000 1361.000 
	}
	rotation={
		0.000 0.000 0.000 0.000 0.000 0.000 0.000 
	}
	height={
		0.000 0.000 1.000 0.000 0.000 0.000 0.000 
	}
}
#Venezia
112={
	position={
		2971.000 1331.000 2981.000 1325.000 2971.000 1331.000 2976.000 1336.000 2971.000 1331.000 2961.000 1337.000 2971.000 1331.000 
	}
	rotation={
		0.000 0.000 0.000 0.000 0.000 0.000 0.000 
	}
	height={
		0.000 0.000 1.000 0.000 0.000 0.000 0.000 
	}
}
#Ferrara
113={
	position={
		3052.000 1299.000 3062.000 1293.000 3052.000 1299.000 3057.000 1304.000 3052.000 1299.000 3042.000 1305.000 3052.000 1299.000 
	}
	rotation={
		0.000 0.000 0.000 0.000 0.000 0.000 0.000 
	}
	height={
		0.000 0.000 1.000 0.000 0.000 0.000 0.000 
	}
}
#Ravenna
114={
	position={
		2847.000 1249.000 2857.000 1243.000 2847.000 1249.000 2819.500 1255.500 2847.000 1249.000 2837.000 1255.000 2847.000 1249.000 
	}
	rotation={
		0.000 0.000 0.000 1.484 0.000 0.000 0.000 
	}
	height={
		0.000 0.000 1.000 0.000 0.000 0.000 0.000 
	}
}
#Pisa
115={
	position={
		2837.000 1165.000 2847.000 1159.000 2837.000 1165.000 2795.000 1171.000 2837.000 1165.000 2827.000 1171.000 2837.000 1165.000 
	}
	rotation={
		0.000 0.000 0.000 2.531 0.000 0.000 0.000 
	}
	height={
		0.000 0.000 1.000 0.000 0.000 0.000 0.000 
	}
}
#Firenze
116={
	position={
		2803.000 1098.000 2813.000 1092.000 2803.000 1098.000 2777.500 1103.000 2803.000 1098.000 2793.000 1104.000 2803.000 1098.000 
	}
	rotation={
		0.000 0.000 0.000 0.960 0.000 0.000 0.000 
	}
	height={
		0.000 0.000 1.000 0.000 0.000 0.000 0.000 
	}
}
#Siena
117={
	position={
		2942.000 1270.000 2952.000 1264.000 2942.000 1270.000 2947.000 1275.000 2942.000 1270.000 2932.000 1276.000 2942.000 1270.000 
	}
	rotation={
		0.000 0.000 0.000 0.000 0.000 0.000 0.000 
	}
	height={
		0.000 0.000 1.000 0.000 0.000 0.000 0.000 
	}
}
#Roma
118={
	position={
		2899.000 1206.000 2909.000 1200.000 2899.000 1206.000 2904.000 1211.000 2899.000 1206.000 2889.000 1212.000 2899.000 1206.000 
	}
	rotation={
		0.000 0.000 0.000 0.000 0.000 0.000 0.000 
	}
	height={
		0.000 0.000 1.000 0.000 0.000 0.000 0.000 
	}
}
#Ancona
119={
	position={
		3213.000 1437.000 3223.000 1431.000 3213.000 1437.000 3218.000 1442.000 3213.000 1437.000 3203.000 1443.000 3213.000 1437.000 
	}
	rotation={
		0.000 0.000 0.000 0.000 0.000 0.000 0.000 
	}
	height={
		0.000 0.000 1.000 0.000 0.000 0.000 0.000 
	}
}
#Abruzzi
120={
	position={
		3300.000 1386.000 3310.000 1380.000 3300.000 1386.000 3327.000 1362.500 3300.000 1386.000 3290.000 1392.000 3300.000 1386.000 
	}
	rotation={
		0.000 0.000 0.000 -1.134 0.000 0.000 0.000 
	}
	height={
		0.000 0.000 1.000 0.000 0.000 0.000 0.000 
	}
}
#Napoli
121={
	position={
		3233.000 1373.000 3243.000 1367.000 3233.000 1373.000 3238.000 1378.000 3233.000 1373.000 3223.000 1379.000 3233.000 1373.000 
	}
	rotation={
		0.000 0.000 0.000 0.000 0.000 0.000 0.000 
	}
	height={
		0.000 0.000 1.000 0.000 0.000 0.000 0.000 
	}
}
#Salento
122={
	position={
		3177.000 1371.000 3187.000 1365.000 3177.000 1371.000 3182.000 1376.000 3177.000 1371.000 3167.000 1377.000 3177.000 1371.000 
	}
	rotation={
		0.000 0.000 0.000 0.000 0.000 0.000 0.000 
	}
	height={
		0.000 0.000 1.000 0.000 0.000 0.000 0.000 
	}
}
#Calabria
123={
	position={
		3123.000 1337.000 3133.000 1331.000 3123.000 1337.000 3128.000 1342.000 3123.000 1337.000 3113.000 1343.000 3123.000 1337.000 
	}
	rotation={
		0.000 0.000 0.000 0.000 0.000 0.000 0.000 
	}
	height={
		0.000 0.000 1.000 0.000 0.000 0.000 0.000 
	}
}
#Messina
124={
	position={
		3283.000 1322.000 3293.000 1316.000 3283.000 1322.000 3308.000 1328.500 3283.000 1322.000 3273.000 1328.000 3283.000 1322.000 
	}
	rotation={
		0.000 0.000 0.000 -0.436 0.000 0.000 0.000 
	}
	height={
		0.000 0.000 1.000 0.000 0.000 0.000 0.000 
	}
}
#Palermo
125={
	position={
		3308.000 1269.000 3318.000 1263.000 3308.000 1269.000 3322.000 1276.500 3308.000 1269.000 3298.000 1275.000 3308.000 1269.000 
	}
	rotation={
		0.000 0.000 0.000 -1.658 0.000 0.000 0.000 
	}
	height={
		0.000 0.000 1.000 0.000 0.000 0.000 0.000 
	}
}
#Malta
126={
	position={
		3223.000 1315.000 3233.000 1309.000 3223.000 1315.000 3228.000 1320.000 3223.000 1315.000 3213.000 1321.000 3223.000 1315.000 
	}
	rotation={
		0.000 0.000 0.000 0.000 0.000 0.000 0.000 
	}
	height={
		0.000 0.000 1.000 0.000 0.000 0.000 0.000 
	}
}
#Sassari
127={
	position={
		3249.000 1262.000 3259.000 1256.000 3249.000 1262.000 3254.000 1231.000 3249.000 1262.000 3239.000 1268.000 3249.000 1262.000 
	}
	rotation={
		0.000 0.000 0.000 0.000 0.000 0.000 0.000 
	}
	height={
		0.000 0.000 1.000 0.000 0.000 0.000 0.000 
	}
}
#Unterkärnten
128={
	position={
		3287.000 1205.000 3297.000 1199.000 3287.000 1205.000 3317.500 1209.500 3287.000 1205.000 3277.000 1211.000 3287.000 1205.000 
	}
	rotation={
		0.000 0.000 0.000 -2.094 0.000 0.000 0.000 
	}
	height={
		0.000 0.000 1.000 0.000 0.000 0.000 0.000 
	}
}
#Krain
129={
	position={
		3168.000 1285.000 3178.000 1279.000 3168.000 1285.000 3173.000 1290.000 3168.000 1285.000 3158.000 1291.000 3168.000 1285.000 
	}
	rotation={
		0.000 0.000 0.000 0.000 0.000 0.000 0.000 
	}
	height={
		0.000 0.000 1.000 0.000 0.000 0.000 0.000 
	}
}
#Istria
130={
	position={
		3334.000 1169.000 3344.000 1163.000 3334.000 1169.000 3342.500 1156.000 3334.000 1169.000 3324.000 1175.000 3334.000 1169.000 
	}
	rotation={
		0.000 0.000 0.000 0.000 0.000 0.000 0.000 
	}
	height={
		0.000 0.000 1.000 0.000 0.000 0.000 0.000 
	}
}
#Zagreb
131={
	position={
		3285.000 1147.000 3295.000 1141.000 3285.000 1147.000 3304.000 1139.500 3285.000 1147.000 3275.000 1153.000 3285.000 1147.000 
	}
	rotation={
		0.000 0.000 0.000 -0.436 0.000 0.000 0.000 
	}
	height={
		0.000 0.000 1.000 0.000 0.000 0.000 0.000 
	}
}
#Steiermark
132={
	position={
		3203.000 1231.000 3213.000 1225.000 3203.000 1231.000 3224.500 1228.500 3203.000 1231.000 3193.000 1237.000 3203.000 1231.000 
	}
	rotation={
		0.000 0.000 0.000 0.000 0.000 0.000 0.000 
	}
	height={
		0.000 0.000 1.000 0.000 0.000 0.000 0.000 
	}
}
#Ob der Enns
133={
	position={
		3035.000 1241.000 3045.000 1235.000 3035.000 1241.000 3040.000 1246.000 3035.000 1241.000 3025.000 1247.000 3035.000 1241.000 
	}
	rotation={
		0.000 0.000 0.000 0.000 0.000 0.000 0.000 
	}
	height={
		0.000 0.000 1.000 0.000 0.000 0.000 0.000 
	}
}
#Wien
134={
	position={
		2979.000 1218.000 2989.000 1212.000 2979.000 1218.000 2984.000 1223.000 2979.000 1218.000 2969.000 1224.000 2979.000 1218.000 
	}
	rotation={
		0.000 0.000 0.000 0.000 0.000 0.000 0.000 
	}
	height={
		0.000 0.000 1.000 0.000 0.000 0.000 0.000 
	}
}
#Sopron
135={
	position={
		3106.000 1256.000 3116.000 1250.000 3106.000 1256.000 3111.000 1261.000 3106.000 1256.000 3096.000 1262.000 3106.000 1256.000 
	}
	rotation={
		0.000 0.000 0.000 0.000 0.000 0.000 0.000 
	}
	height={
		0.000 0.000 1.000 0.000 0.000 0.000 0.000 
	}
}
#Split
136={
	position={
		3154.000 1223.000 3164.000 1217.000 3154.000 1223.000 3159.000 1228.000 3154.000 1223.000 3144.000 1229.000 3154.000 1223.000 
	}
	rotation={
		0.000 0.000 0.000 0.000 0.000 0.000 0.000 
	}
	height={
		0.000 0.000 1.000 0.000 0.000 0.000 0.000 
	}
}
#Ragusa
137={
	position={
		3194.000 1177.000 3204.000 1171.000 3194.000 1177.000 3215.500 1177.500 3194.000 1177.000 3184.000 1183.000 3194.000 1177.000 
	}
	rotation={
		0.000 0.000 0.000 -0.436 0.000 0.000 0.000 
	}
	height={
		0.000 0.000 1.000 0.000 0.000 0.000 0.000 
	}
}
#Zeta
138={
	position={
		3244.000 1122.000 3254.000 1116.000 3244.000 1122.000 3270.000 1107.500 3244.000 1122.000 3234.000 1128.000 3244.000 1122.000 
	}
	rotation={
		0.000 0.000 0.000 -0.611 0.000 0.000 0.000 
	}
	height={
		0.000 0.000 1.000 0.000 0.000 0.000 0.000 
	}
}
#Hum
139={
	position={
		3156.000 1151.000 3166.000 1145.000 3156.000 1151.000 3161.000 1156.000 3156.000 1151.000 3146.000 1157.000 3156.000 1151.000 
	}
	rotation={
		0.000 0.000 0.000 0.000 0.000 0.000 0.000 
	}
	height={
		0.000 0.000 1.000 0.000 0.000 0.000 0.000 
	}
}
#Bosnia
140={
	position={
		3101.000 1188.000 3111.000 1182.000 3101.000 1188.000 3106.000 1193.000 3101.000 1188.000 3091.000 1194.000 3101.000 1188.000 
	}
	rotation={
		0.000 0.000 0.000 0.000 0.000 0.000 0.000 
	}
	height={
		0.000 0.000 1.000 0.000 0.000 0.000 0.000 
	}
}
#Smederevo
141={
	position={
		2961.000 1170.000 2971.000 1164.000 2961.000 1170.000 2966.000 1175.000 2961.000 1170.000 2951.000 1176.000 2961.000 1170.000 
	}
	rotation={
		0.000 0.000 0.000 0.000 0.000 0.000 0.000 
	}
	height={
		0.000 0.000 1.000 0.000 0.000 0.000 0.000 
	}
}
#Corfu
142={
	position={
		3036.000 1183.000 3046.000 1177.000 3036.000 1183.000 3041.000 1188.000 3036.000 1183.000 3026.000 1189.000 3036.000 1183.000 
	}
	rotation={
		0.000 0.000 0.000 0.000 0.000 0.000 0.000 
	}
	height={
		0.000 0.000 1.000 0.000 0.000 0.000 0.000 
	}
}
#Vlorë
143={
	position={
		3205.000 1103.000 3215.000 1097.000 3205.000 1103.000 3210.000 1108.000 3205.000 1103.000 3195.000 1109.000 3205.000 1103.000 
	}
	rotation={
		0.000 0.000 0.000 0.000 0.000 0.000 0.000 
	}
	height={
		0.000 0.000 1.000 0.000 0.000 0.000 0.000 
	}
}
#Epirus
144={
	position={
		2906.000 1136.000 2916.000 1130.000 2906.000 1136.000 2911.000 1141.000 2906.000 1136.000 2896.000 1142.000 2906.000 1136.000 
	}
	rotation={
		0.000 0.000 0.000 0.000 0.000 0.000 0.000 
	}
	height={
		0.000 0.000 1.000 0.000 0.000 0.000 0.000 
	}
}
#Morea
145={
	position={
		2859.000 1096.000 2869.000 1090.000 2859.000 1096.000 2864.000 1101.000 2859.000 1096.000 2849.000 1102.000 2859.000 1096.000 
	}
	rotation={
		0.000 0.000 0.000 0.000 0.000 0.000 0.000 
	}
	height={
		0.000 0.000 1.000 0.000 0.000 0.000 0.000 
	}
}
#Athens
146={
	position={
		2844.000 1030.000 2854.000 1024.000 2844.000 1030.000 2849.000 1035.000 2844.000 1030.000 2834.000 1036.000 2844.000 1030.000 
	}
	rotation={
		0.000 0.000 0.000 0.000 0.000 0.000 0.000 
	}
	height={
		0.000 0.000 1.000 0.000 0.000 0.000 0.000 
	}
}
#Thessaly
147={
	position={
		2911.000 1070.000 2921.000 1064.000 2911.000 1070.000 2916.000 1075.000 2911.000 1070.000 2901.000 1076.000 2911.000 1070.000 
	}
	rotation={
		0.000 0.000 0.000 0.000 0.000 0.000 0.000 
	}
	height={
		0.000 0.000 1.000 0.000 0.000 0.000 0.000 
	}
}
#Macedonia
148={
	position={
		2981.000 1101.000 2991.000 1095.000 2981.000 1101.000 2986.000 1106.000 2981.000 1101.000 2971.000 1107.000 2981.000 1101.000 
	}
	rotation={
		0.000 0.000 0.000 0.000 0.000 0.000 0.000 
	}
	height={
		0.000 0.000 1.000 0.000 0.000 0.000 0.000 
	}
}
#Edirne
149={
	position={
		3045.000 1136.000 3055.000 1130.000 3045.000 1136.000 3050.000 1141.000 3045.000 1136.000 3035.000 1142.000 3045.000 1136.000 
	}
	rotation={
		0.000 0.000 0.000 0.000 0.000 0.000 0.000 
	}
	height={
		0.000 0.000 1.000 0.000 0.000 0.000 0.000 
	}
}
#Nikopol
150={
	position={
		2972.000 1050.000 2982.000 1044.000 2972.000 1050.000 2977.000 1055.000 2972.000 1050.000 2962.000 1056.000 2972.000 1050.000 
	}
	rotation={
		0.000 0.000 0.000 0.000 0.000 0.000 0.000 
	}
	height={
		0.000 0.000 1.000 0.000 0.000 0.000 0.000 
	}
}
#Constantinople
151={
	position={
		3113.000 1124.000 3123.000 1118.000 3113.000 1124.000 3118.000 1129.000 3113.000 1124.000 3103.000 1130.000 3113.000 1124.000 
	}
	rotation={
		0.000 0.000 0.000 0.000 0.000 0.000 0.000 
	}
	height={
		0.000 0.000 1.000 0.000 0.000 0.000 0.000 
	}
}
#Varasd
152={
	position={
		3056.000 1084.000 3066.000 1078.000 3056.000 1084.000 3061.000 1089.000 3056.000 1084.000 3046.000 1090.000 3056.000 1084.000 
	}
	rotation={
		0.000 0.000 0.000 0.000 0.000 0.000 0.000 
	}
	height={
		0.000 0.000 1.000 0.000 0.000 0.000 0.000 
	}
}
#Pest
153={
	position={
		3033.000 1021.000 3043.000 1015.000 3033.000 1021.000 3038.000 1026.000 3033.000 1021.000 3023.000 1027.000 3033.000 1021.000 
	}
	rotation={
		0.000 0.000 0.000 0.000 0.000 0.000 0.000 
	}
	height={
		0.000 0.000 1.000 0.000 0.000 0.000 0.000 
	}
}
#Hont
154={
	position={
		2894.000 985.000 2904.000 979.000 2894.000 985.000 2899.000 990.000 2894.000 985.000 2884.000 991.000 2894.000 985.000 
	}
	rotation={
		0.000 0.000 0.000 0.000 0.000 0.000 0.000 
	}
	height={
		0.000 0.000 1.000 0.000 0.000 0.000 0.000 
	}
}
#Békés
155={
	position={
		3002.000 910.000 3012.000 904.000 3002.000 910.000 3009.500 888.000 3002.000 910.000 2992.000 916.000 3002.000 910.000 
	}
	rotation={
		0.000 0.000 0.000 0.349 0.000 0.000 0.000 
	}
	height={
		0.000 0.000 1.000 0.000 0.000 0.000 0.000 
	}
}
#Temes
156={
	position={
		2952.000 942.000 2962.000 936.000 2952.000 942.000 2957.000 947.000 2952.000 942.000 2942.000 948.000 2952.000 942.000 
	}
	rotation={
		0.000 0.000 0.000 0.000 0.000 0.000 0.000 
	}
	height={
		0.000 0.000 1.000 0.000 0.000 0.000 0.000 
	}
}
#Bihar
157={
	position={
		2956.000 1003.000 2966.000 997.000 2956.000 1003.000 2961.000 1008.000 2956.000 1003.000 2946.000 1009.000 2956.000 1003.000 
	}
	rotation={
		0.000 0.000 0.000 0.000 0.000 0.000 0.000 
	}
	height={
		0.000 0.000 1.000 0.000 0.000 0.000 0.000 
	}
}
#Maros
158={
	position={
		3044.000 962.000 3054.000 956.000 3044.000 962.000 3049.000 967.000 3044.000 962.000 3034.000 968.000 3044.000 962.000 
	}
	rotation={
		0.000 0.000 0.000 0.000 0.000 0.000 0.000 
	}
	height={
		0.000 0.000 1.000 0.000 0.000 0.000 0.000 
	}
}
#Silistria
159={
	position={
		3055.000 910.000 3065.000 904.000 3055.000 910.000 3078.500 884.000 3055.000 910.000 3045.000 916.000 3055.000 910.000 
	}
	rotation={
		0.000 0.000 0.000 -0.873 0.000 0.000 0.000 
	}
	height={
		0.000 0.000 1.000 0.000 0.000 0.000 0.000 
	}
}
#Oltenia
160={
	position={
		3160.000 1087.000 3170.000 1081.000 3160.000 1087.000 3165.000 1092.000 3160.000 1087.000 3150.000 1093.000 3160.000 1087.000 
	}
	rotation={
		0.000 0.000 0.000 0.000 0.000 0.000 0.000 
	}
	height={
		0.000 0.000 1.000 0.000 0.000 0.000 0.000 
	}
}
#Tîrgoviste
161={
	position={
		3107.000 1065.000 3117.000 1059.000 3107.000 1065.000 3112.000 1070.000 3107.000 1065.000 3097.000 1071.000 3107.000 1065.000 
	}
	rotation={
		0.000 0.000 0.000 0.000 0.000 0.000 0.000 
	}
	height={
		0.000 0.000 1.000 0.000 0.000 0.000 0.000 
	}
}
#Zemplén
162={
	position={
		3091.000 1003.000 3101.000 997.000 3091.000 1003.000 3096.000 1008.000 3091.000 1003.000 3081.000 1009.000 3091.000 1003.000 
	}
	rotation={
		0.000 0.000 0.000 0.000 0.000 0.000 0.000 
	}
	height={
		0.000 0.000 1.000 0.000 0.000 0.000 0.000 
	}
}
#Crete
163={
	position={
		3145.000 1036.000 3155.000 1030.000 3145.000 1036.000 3150.000 1041.000 3145.000 1036.000 3135.000 1042.000 3145.000 1036.000 
	}
	rotation={
		0.000 0.000 0.000 0.000 0.000 0.000 0.000 
	}
	height={
		0.000 0.000 1.000 0.000 0.000 0.000 0.000 
	}
}
#Naxos
164={
	position={
		3203.000 1047.000 3213.000 1041.000 3203.000 1047.000 3208.000 1052.000 3203.000 1047.000 3193.000 1053.000 3203.000 1047.000 
	}
	rotation={
		0.000 0.000 0.000 0.000 0.000 0.000 0.000 
	}
	height={
		0.000 0.000 1.000 0.000 0.000 0.000 0.000 
	}
}
#Bern
165={
	position={
		3205.000 1004.000 3215.000 998.000 3205.000 1004.000 3213.000 983.500 3205.000 1004.000 3195.000 1010.000 3205.000 1004.000 
	}
	rotation={
		0.000 0.000 0.000 -0.611 0.000 0.000 0.000 
	}
	height={
		0.000 0.000 1.000 0.000 0.000 0.000 0.000 
	}
}
#Waldstätte
166={
	position={
		3153.000 988.000 3163.000 982.000 3153.000 988.000 3174.000 967.500 3153.000 988.000 3143.000 994.000 3153.000 988.000 
	}
	rotation={
		0.000 0.000 0.000 -0.611 0.000 0.000 0.000 
	}
	height={
		0.000 0.000 1.000 0.000 0.000 0.000 0.000 
	}
}
#Caux
167={
	position={
		3353.000 671.000 3363.000 665.000 3353.000 671.000 3367.000 659.500 3353.000 671.000 3343.000 677.000 3353.000 671.000 
	}
	rotation={
		0.000 0.000 0.000 -0.611 0.000 0.000 0.000 
	}
	height={
		0.000 0.000 1.000 0.000 0.000 0.000 0.000 
	}
}
#Caen
168={
	position={
		3927.000 1475.000 3937.000 1469.000 3927.000 1475.000 3945.000 1474.500 3927.000 1475.000 3917.000 1481.000 3927.000 1475.000 
	}
	rotation={
		0.000 0.000 0.000 -1.658 0.000 0.000 0.000 
	}
	height={
		0.000 0.000 1.000 0.000 0.000 0.000 0.000 
	}
}
#Armor
169={
	position={
		3929.000 1328.000 3939.000 1322.000 3929.000 1328.000 3945.000 1333.000 3929.000 1328.000 3919.000 1334.000 3929.000 1328.000 
	}
	rotation={
		0.000 0.000 0.000 -1.222 0.000 0.000 0.000 
	}
	height={
		0.000 0.000 1.000 0.000 0.000 0.000 0.000 
	}
}
#Finistère
170={
	position={
		3900.000 1391.000 3910.000 1385.000 3900.000 1391.000 3912.500 1393.000 3900.000 1391.000 3890.000 1397.000 3900.000 1391.000 
	}
	rotation={
		0.000 0.000 0.000 -1.309 0.000 0.000 0.000 
	}
	height={
		0.000 0.000 1.000 0.000 0.000 0.000 0.000 
	}
}
#Vannetais
171={
	position={
		3889.000 1475.000 3899.000 1469.000 3889.000 1475.000 3878.000 1510.500 3889.000 1475.000 3879.000 1481.000 3889.000 1475.000 
	}
	rotation={
		0.000 0.000 0.000 -3.054 0.000 0.000 0.000 
	}
	height={
		0.000 0.000 1.000 0.000 0.000 0.000 0.000 
	}
}
#Nantais
172={
	position={
		3883.000 1296.000 3893.000 1290.000 3883.000 1296.000 3888.500 1271.500 3883.000 1296.000 3873.000 1302.000 3883.000 1296.000 
	}
	rotation={
		0.000 0.000 0.000 0.349 0.000 0.000 0.000 
	}
	height={
		0.000 0.000 1.000 0.000 0.000 0.000 0.000 
	}
}
#Labourd
173={
	position={
		3874.000 1373.000 3884.000 1367.000 3874.000 1373.000 3862.500 1375.500 3874.000 1373.000 3864.000 1379.000 3874.000 1373.000 
	}
	rotation={
		0.000 0.000 0.000 1.047 0.000 0.000 0.000 
	}
	height={
		0.000 0.000 1.000 0.000 0.000 0.000 0.000 
	}
}
#Bordeaux
174={
	position={
		3228.000 1680.000 3238.000 1674.000 3228.000 1680.000 3233.000 1685.000 3228.000 1680.000 3218.000 1686.000 3228.000 1680.000 
	}
	rotation={
		0.000 0.000 0.000 0.000 0.000 0.000 0.000 
	}
	height={
		0.000 0.000 1.000 0.000 0.000 0.000 0.000 
	}
}
#Armagnac
175={
	position={
		3285.000 1622.000 3295.000 1616.000 3285.000 1622.000 3290.000 1627.000 3285.000 1622.000 3275.000 1628.000 3285.000 1622.000 
	}
	rotation={
		0.000 0.000 0.000 0.000 0.000 0.000 0.000 
	}
	height={
		0.000 0.000 1.000 0.000 0.000 0.000 0.000 
	}
}
#Béarn
176={
	position={
		3186.000 1628.000 3196.000 1622.000 3186.000 1628.000 3191.000 1633.000 3186.000 1628.000 3176.000 1634.000 3186.000 1628.000 
	}
	rotation={
		0.000 0.000 0.000 0.000 0.000 0.000 0.000 
	}
	height={
		0.000 0.000 1.000 0.000 0.000 0.000 0.000 
	}
}
#Maine
177={
	position={
		3243.000 1593.000 3253.000 1587.000 3243.000 1593.000 3248.000 1598.000 3243.000 1593.000 3233.000 1599.000 3243.000 1593.000 
	}
	rotation={
		0.000 0.000 0.000 0.000 0.000 0.000 0.000 
	}
	height={
		0.000 0.000 1.000 0.000 0.000 0.000 0.000 
	}
}
#Anjou
178={
	position={
		3132.000 1636.000 3142.000 1630.000 3132.000 1636.000 3137.000 1641.000 3132.000 1636.000 3122.000 1642.000 3132.000 1636.000 
	}
	rotation={
		0.000 0.000 0.000 0.000 0.000 0.000 0.000 
	}
	height={
		0.000 0.000 1.000 0.000 0.000 0.000 0.000 
	}
}
#Berry
179={
	position={
		2875.000 891.000 2885.000 885.000 2875.000 891.000 2949.000 885.000 2875.000 891.000 2865.000 897.000 2875.000 891.000 
	}
	rotation={
		0.000 0.000 0.000 -0.611 0.000 0.000 0.000 
	}
	height={
		0.000 0.000 1.000 0.000 0.000 0.000 0.000 
	}
}
#Haut-Poitou
180={
	position={
		2775.000 974.000 2785.000 968.000 2775.000 974.000 2732.500 1022.000 2775.000 974.000 2765.000 980.000 2775.000 974.000 
	}
	rotation={
		0.000 0.000 0.000 2.443 0.000 0.000 0.000 
	}
	height={
		0.000 0.000 1.000 0.000 0.000 0.000 0.000 
	}
}
#Rethel
181={
	position={
		2759.000 851.000 2769.000 845.000 2759.000 851.000 2764.000 856.000 2759.000 851.000 2749.000 857.000 2759.000 851.000 
	}
	rotation={
		0.000 0.000 0.000 0.000 0.000 0.000 0.000 
	}
	height={
		0.000 0.000 1.000 0.000 0.000 0.000 0.000 
	}
}
#Valois
182={
	position={
		2688.000 925.000 2698.000 919.000 2688.000 925.000 2660.500 892.000 2688.000 925.000 2678.000 931.000 2688.000 925.000 
	}
	rotation={
		0.000 0.000 0.000 0.087 0.000 0.000 0.000 
	}
	height={
		0.000 0.000 1.000 0.000 0.000 0.000 0.000 
	}
}
#Paris
183={
	position={
		2604.000 911.000 2614.000 905.000 2604.000 911.000 2609.000 881.500 2604.000 911.000 2594.000 917.000 2604.000 911.000 
	}
	rotation={
		0.000 0.000 0.000 -0.436 0.000 0.000 0.000 
	}
	height={
		0.000 0.000 1.000 0.000 0.000 0.000 0.000 
	}
}
#Orleanais
184={
	position={
		2573.000 946.000 2583.000 940.000 2573.000 946.000 2604.500 964.000 2573.000 946.000 2563.000 952.000 2573.000 946.000 
	}
	rotation={
		0.000 0.000 0.000 3.840 0.000 0.000 0.000 
	}
	height={
		0.000 0.000 1.000 0.000 0.000 0.000 0.000 
	}
}
#Nemours
185={
	position={
		2516.000 919.000 2526.000 913.000 2516.000 919.000 2506.000 950.500 2516.000 919.000 2506.000 925.000 2516.000 919.000 
	}
	rotation={
		0.000 0.000 0.000 3.142 0.000 0.000 0.000 
	}
	height={
		0.000 0.000 1.000 0.000 0.000 0.000 0.000 
	}
}
#Reims
186={
	position={
		2482.000 958.000 2492.000 952.000 2482.000 958.000 2500.000 970.500 2482.000 958.000 2472.000 964.000 2482.000 958.000 
	}
	rotation={
		0.000 0.000 0.000 4.014 0.000 0.000 0.000 
	}
	height={
		0.000 0.000 1.000 0.000 0.000 0.000 0.000 
	}
}
#Barrois
187={
	position={
		2452.000 930.000 2462.000 924.000 2452.000 930.000 2425.500 934.500 2452.000 930.000 2442.000 936.000 2452.000 930.000 
	}
	rotation={
		0.000 0.000 0.000 2.094 0.000 0.000 0.000 
	}
	height={
		0.000 0.000 1.000 0.000 0.000 0.000 0.000 
	}
}
#Metz
188={
	position={
		2420.000 882.000 2430.000 876.000 2420.000 882.000 2402.500 889.500 2420.000 882.000 2410.000 888.000 2420.000 882.000 
	}
	rotation={
		0.000 0.000 0.000 2.182 0.000 0.000 0.000 
	}
	height={
		0.000 0.000 1.000 0.000 0.000 0.000 0.000 
	}
}
#Lothringen
189={
	position={
		2427.000 830.000 2437.000 824.000 2427.000 830.000 2417.000 813.500 2427.000 830.000 2417.000 836.000 2427.000 830.000 
	}
	rotation={
		0.000 0.000 0.000 0.000 0.000 0.000 0.000 
	}
	height={
		0.000 0.000 1.000 0.000 0.000 0.000 0.000 
	}
}
#Bourbonnais
190={
	position={
		2469.000 893.000 2479.000 887.000 2469.000 893.000 2474.000 898.000 2469.000 893.000 2459.000 899.000 2469.000 893.000 
	}
	rotation={
		0.000 0.000 0.000 0.000 0.000 0.000 0.000 
	}
	height={
		0.000 0.000 1.000 0.000 0.000 0.000 0.000 
	}
}
#Nivernais
191={
	position={
		2456.000 853.000 2466.000 847.000 2456.000 853.000 2461.000 858.000 2456.000 853.000 2446.000 859.000 2456.000 853.000 
	}
	rotation={
		0.000 0.000 0.000 0.000 0.000 0.000 0.000 
	}
	height={
		0.000 0.000 1.000 0.000 0.000 0.000 0.000 
	}
}
#Dijonnais
192={
	position={
		2497.000 863.000 2507.000 857.000 2497.000 863.000 2503.000 852.500 2497.000 863.000 2487.000 869.000 2497.000 863.000 
	}
	rotation={
		0.000 0.000 0.000 -0.785 0.000 0.000 0.000 
	}
	height={
		0.000 0.000 1.000 0.000 0.000 0.000 0.000 
	}
}
#Franche-Comté
193={
	position={
		2461.000 808.000 2471.000 802.000 2461.000 808.000 2467.000 787.500 2461.000 808.000 2451.000 814.000 2461.000 808.000 
	}
	rotation={
		0.000 0.000 0.000 0.000 0.000 0.000 0.000 
	}
	height={
		0.000 0.000 1.000 0.000 0.000 0.000 0.000 
	}
}
#Périgord
194={
	position={
		2499.000 1006.000 2509.000 1000.000 2499.000 1006.000 2505.000 991.500 2499.000 1006.000 2489.000 1012.000 2499.000 1006.000 
	}
	rotation={
		0.000 0.000 0.000 -0.436 0.000 0.000 0.000 
	}
	height={
		0.000 0.000 1.000 0.000 0.000 0.000 0.000 
	}
}
#Limousin
195={
	position={
		2456.000 968.000 2466.000 962.000 2456.000 968.000 2435.500 965.500 2456.000 968.000 2446.000 974.000 2456.000 968.000 
	}
	rotation={
		0.000 0.000 0.000 1.222 0.000 0.000 0.000 
	}
	height={
		0.000 0.000 1.000 0.000 0.000 0.000 0.000 
	}
}
#Toulouse
196={
	position={
		2518.000 1051.000 2528.000 1045.000 2518.000 1051.000 2536.000 1060.500 2518.000 1051.000 2508.000 1057.000 2518.000 1051.000 
	}
	rotation={
		0.000 0.000 0.000 -2.269 0.000 0.000 0.000 
	}
	height={
		0.000 0.000 1.000 0.000 0.000 0.000 0.000 
	}
}
#Roussillon
197={
	position={
		2476.000 1038.000 2486.000 1032.000 2476.000 1038.000 2481.000 1043.000 2476.000 1038.000 2466.000 1044.000 2476.000 1038.000 
	}
	rotation={
		0.000 0.000 0.000 0.000 0.000 0.000 0.000 
	}
	height={
		0.000 0.000 1.000 0.000 0.000 0.000 0.000 
	}
}
#Rouergue
198={
	position={
		2456.000 998.000 2466.000 992.000 2456.000 998.000 2461.000 1003.000 2456.000 998.000 2446.000 1004.000 2456.000 998.000 
	}
	rotation={
		0.000 0.000 0.000 0.000 0.000 0.000 0.000 
	}
	height={
		0.000 0.000 1.000 0.000 0.000 0.000 0.000 
	}
}
#Auvergne
199={
	position={
		2419.000 1005.000 2429.000 999.000 2419.000 1005.000 2421.500 983.000 2419.000 1005.000 2409.000 1011.000 2419.000 1005.000 
	}
	rotation={
		0.000 0.000 0.000 0.262 0.000 0.000 0.000 
	}
	height={
		0.000 0.000 1.000 0.000 0.000 0.000 0.000 
	}
}
#Montpellier
200={
	position={
		2436.000 1040.000 2446.000 1034.000 2436.000 1040.000 2441.000 1045.000 2436.000 1040.000 2426.000 1046.000 2436.000 1040.000 
	}
	rotation={
		0.000 0.000 0.000 0.000 0.000 0.000 0.000 
	}
	height={
		0.000 0.000 1.000 0.000 0.000 0.000 0.000 
	}
}
